1.961187813266737079e+00 1.009273147735258586e-01 -7.094072353881373735e-03 -2.205095227225542000e-03 -5.628565950146914278e-05 2.705693967404003159e-04 2.634297361639260235e-05 4.986252486861557517e-05 -1.046039872370672868e-06 -2.208641501422599562e-06 -1.229924030542020405e-06 4.858517648792532951e-06 7.349291450286631072e-06 -1.624556944779793952e-06 -1.191779176458938229e-05 1.055295612216692678e-06 1.156040023443858021e-06 -6.335893329394340871e-08 3.917626359568114199e-07 -2.130915097163971260e-07 2.410844291575588330e-07 -6.140445199515598760e-08 1.037339340572152424e-07 2.766194644859174563e-07 4.236331666852289275e-08 2.683691992800677049e-08 2.729912885648986124e-08 1.091401825687530259e-07 -3.194887491405111713e-08 -4.666761453399244722e-09 3.840340437451070707e-08 5.761399403746258121e-06 -3.554954421326679428e-06 -9.290270705669266299e-07 -6.208568707815505781e-06 1.532442223742514475e-06 -5.018863635407742008e-07 9.021123550652495310e-07 5.788009330582657729e-07 -6.607476006116593921e-07 6.039196014572968945e-07 -8.948438945852209676e-07 7.646841758936838093e-08 4.454593589605874584e-09 9.203551609221101986e-08 -2.280429909631829384e-07 1.028477314440619484e-08 8.387466428944582274e-08 2.464393829877320251e-08 1.802529125449040278e-09 3.013811838595270598e-08 1.674303371514302567e-08 -1.095541580370038555e-08 1.267920923097171779e-08 9.178385649289280671e-09 1.173373107811617890e-08 -4.418086399065987028e-09 4.270638153335961796e-09 6.044267666043708884e-10 -2.255527771487487678e-10 -7.816064789473999396e-10 -6.803016805218203298e-10 2.423595398092975427e-03 3.290602634978163910e-04 1.349215259510916571e-04 -6.939289631890383891e-05 3.640413204653986632e-05 1.195668263881827378e-05 7.666722065158050953e-06 -1.447459561349194270e-06 1.052484431891660024e-05 3.986100230766198085e-06 3.241203402338761766e-06 -7.717682769441327557e-07 -6.730337295701672182e-07 -4.650815594310912479e-07 9.896559551664763056e-07 -2.367518018969533576e-07 5.157403129819289839e-07 -7.461303053368255560e-08 -1.339913710733041050e-07 8.130171586055881356e-09 -2.502648840716981501e-08 8.716819733625494420e-08 4.535741780289149051e-08 -2.925738669748872371e-08 -7.071571405897639202e-09 -1.698656983401945740e-08 -8.596460426974334165e-09 -1.649991477248597583e-08 -1.858135840312833208e-08 -1.006443745835128128e-08 -7.198199666108881805e-09
1.009273147735258586e-01 1.147375051850162142e-02 -3.034109065884352339e-04 -2.393244683679569547e-04 1.090540388572900254e-05 7.698066828765862189e-06 1.044496661220445804e-05 2.415708021854019478e-06 -4.345097110519463300e-06 -1.546365477392179802e-06 5.604324299321632191e-07 4.672738854623986068e-07 -1.623582263114485252e-08 2.752209041194777517e-07 -7.329630797100974905e-07 -7.689226896180804638e-08 -4.063768134632059459e-08 1.427019009066816534e-07 1.187695475006576785e-07 1.538050364473854102e-08 1.856913439807663190e-08 -1.441167304456747920e-08 9.686259100416293254e-09 1.286105743192964504e-08 -1.357988166286353199e-10 -6.829684904882259491e-10 7.721451169224186154e-09 2.231144483497150794e-09 -1.803032010010192920e-09 -1.028958263817872419e-09 1.023477676174579667e-09 2.686307385518166809e-07 5.540284248356554874e-07 -2.908344841637908562e-09 -2.851291015536626963e-07 1.208587304668578364e-07 -2.347581509232869080e-08 1.801226629336289064e-07 -2.505533149275558841e-08 -2.729289649418282922e-08 3.251664487809652893e-08 -4.095817429783906959e-08 8.271178691141149552e-09 4.833830298570617155e-09 9.221642006430389410e-09 -1.198134793877563302e-08 7.282368887815869057e-09 2.361184741128007103e-09 -5.486969433306895694e-10 -2.004601395406496245e-10 2.181483470200459103e-09 2.270800843002938361e-10 2.816135799391183139e-10 2.041027255520487484e-09 2.828610822112210708e-10 6.748709203642776556e-10 -2.327094005094753053e-10 2.732984569113380872e-10 -1.185336170658508572e-10 -1.240646153403471507e-10 -2.662973984097911993e-11 2.431682332509201463e-11 7.820159635087171196e-05 -2.974279443140110979e-05 2.555911253291327255e-06 -6.008135330974154129e-06 3.457163598361406510e-06 1.289147805037893876e-06 4.074391657039694955e-07 -5.856410563444775935e-08 6.885219839724096729e-07 1.954572996777168850e-07 1.382151097871802977e-07 2.238834497837485097e-08 -2.384803277502945886e-08 -7.122406937180241414e-08 4.904482788703764620e-08 -1.857988204324311683e-08 4.495945275807898074e-08 2.691148468799478620e-09 -3.985672313545908454e-11 -6.772176431095806375e-09 5.940373424580544453e-10 5.535451007378444918e-10 1.590303925237845434e-09 -1.803362799880117467e-09 5.744910237024445428e-10 -1.413462026023185837e-09 -6.047514272216323261e-10 -7.133329964842248142e-10 -5.644500419200244673e-10 -7.331429703691100224e-10 -7.783975327047758394e-10
-7.094072353881373735e-03 -3.034109065884352339e-04 1.020115451471092973e-03 5.118928747460595608e-05 -2.842472451794300923e-06 5.508527816361312881e-07 -1.403184969871403324e-06 1.837802338535776665e-08 2.292634824362208654e-09 -7.846968328458238356e-07 1.540848456716505535e-07 -4.448976738557768778e-08 -2.159110013199387013e-07 -9.028244110713112475e-08 -1.100830662314168210e-07 -5.603812002674044679e-08 -6.994181687226416563e-08 2.988823660559156426e-08 8.867533622837946129e-09 3.017746545058842383e-09 5.372209226926929812e-09 6.689582665208363233e-09 1.123931752703862762e-09 -1.865323189992722330e-09 -2.243901288349205509e-10 -9.109415762939680882e-10 -3.550790516949834914e-09 1.862255095716507679e-09 1.510485097478488290e-09 2.734737251800804103e-10 -2.570069528579173495e-11 -1.000828808870287859e-08 6.637650737384092717e-08 6.862639817861608391e-08 3.285306056056623479e-08 6.365520715890457838e-08 -9.824070266888027974e-09 -6.642236744481224047e-09 4.262571713322279591e-09 9.188239381163621266e-09 4.292631366666900946e-09 2.016412243337268990e-09 1.482779809561374559e-09 2.019093783232561232e-09 -6.605059215855623070e-09 2.578905199142278494e-09 8.251037997479827234e-10 -2.010671794810118911e-09 4.908969625162650530e-10 7.673194909945154207e-10 -1.205587732031478027e-09 -8.609589987670675318e-10 1.854379297974320908e-10 4.664485423189631972e-10 -4.075340148096145962e-11 -2.571514538452786173e-10 9.802809687374994644e-11 5.589266237944253667e-12 4.722022931338480278e-11 4.884868183277431723e-11 2.530195060268550404e-11 1.797201458162248643e-11 2.589904969777012647e-06 -8.963973133873597079e-07 -4.922755655118452771e-06 6.074491694578463547e-07 6.335697498316186591e-07 7.062746184742485131e-08 -1.009153862102538778e-07 8.638018640377532157e-08 -1.008099261919609695e-07 -1.420070222909375890e-07 -5.627263781550161102e-11 2.801730813227550484e-08 2.443823280248299597e-08 -1.486217958621328181e-08 -2.844135709377823468e-09 -6.551694482504059397e-10 -2.715418786151377906e-09 -2.726820128478387055e-10 1.752954741953821185e-10 -3.670366199139184612e-09 -4.547499020106674908e-10 -7.790325133517220499e-10 -6.174677227278603173e-10 1.026997842366895395e-09 6.476627548062944469e-10 -6.012921127118950836e-10 -8.605904630327927354e-11 -1.464572322689401298e-10 -4.624601841755362317e-11 7.330354131780791301e-11 -1.925787076497540730e-10
-2.205095227225542000e-03 -2.393244683679569547e-04 5.118928747460595608e-05 8.215065901345668423e-05 -2.240511811714420352e-06 -7.988510964618717552e-07 1.621029025443592704e-07 -5.048000263231676421e-07 -8.873854656370405831e-08 1.516526190746992359e-07 9.388316753585188027e-08 5.208460993454898425e-08 6.599679369107485425e-08 -1.845382758258066716e-08 1.675022843851392748e-09 -1.421247569033479530e-09 -1.099251722180272685e-08 -1.464045928493549081e-08 2.377363034695566230e-09 4.591467402227732701e-09 5.916047059042042743e-09 -2.831471336204278808e-09 -1.012305062600738599e-10 -1.494423055120152075e-09 1.364478097797492282e-09 7.873795270346671048e-10 -4.890935530065658918e-10 -2.224971535253142428e-10 4.603668637586898648e-11 -2.537558773161087021e-10 -4.297380436559713333e-10 1.385603789141744922e-08 -1.125881312854140059e-08 -7.904592015495016393e-10 4.769152320481719024e-08 1.844994659172842064e-09 2.895046157118011448e-09 -2.064366194542716859e-09 2.154595909470667442e-09 9.033823708556138579e-10 -3.236351447412355233e-09 5.672976761827632846e-09 -1.981408233913264361e-09 -5.499924209991442176e-11 -1.483474772013498022e-09 6.454222798562773203e-10 -2.378262464379641770e-10 -8.649299770516577511e-10 -2.381657581851203429e-10 1.334200002717172666e-10 2.834572768738332765e-11 -1.096882203208533217e-10 9.196327450249618709e-12 1.764531645182904310e-12 5.096331447164974951e-11 -8.805884188697982932e-12 -2.365979377294830154e-11 2.797420754340292645e-11 -2.277904134075649113e-11 1.646794636006836914e-11 2.099071480129714428e-11 -1.005825903081645562e-11 3.391353447337697267e-06 1.334574197823414489e-06 -9.850735885792601417e-08 1.874262392947205126e-06 1.401911865017909314e-08 -9.601075498442803702e-08 3.380116816476457759e-08 5.215967859913685224e-08 -1.127773684185139726e-08 9.549726582076918511e-09 3.035327195473730180e-09 3.537292908455211493e-09 -1.319668446656165982e-09 1.725802122897318289e-10 -1.007189178983756692e-09 9.506605669190571984e-10 -3.031373004128391200e-09 1.895195574786556141e-10 4.997237882465652829e-11 -2.424640800586645135e-10 -1.665673819713183659e-10 -1.301704585877720486e-10 -2.989098567571552493e-10 -1.588576234560795297e-11 -7.658430289676959595e-11 -3.522127279494303156e-11 9.302675387858051129e-11 6.362917670963729776e-11 -5.856551903690423093e-12 -2.554724001466939678e-11 -1.472267619586670677e-11
-5.628565950146914278e-05 1.090540388572900254e-05 -2.842472451794300923e-06 -2.240511811714420352e-06 2.868660893108191171e-06 2.750629027079800693e-07 1.134470847541514968e-08 7.629361625924511883e-08 -9.380797275788060832e-09 -5.862330577961506996e-08 -1.871252188889448652e-08 1.279050300374270334e-08 -1.116301018980299093e-08 3.906824758323585380e-09 2.363927694683389479e-09 -4.263514571181280692e-09 8.473109809250509583e-11 4.419072180420661785e-09 -1.937468494581224457e-09 3.334019514787301095e-10 -4.691662022084568154e-10 -4.014954383973885519e-10 -2.090715006598477858e-10 -1.648227295342617900e-10 -4.102000667972782551e-10 -5.198991520478049883e-11 1.148828332114761380e-10 -5.547052296999917530e-11 -2.631724801989739709e-11 1.170218474790111648e-11 7.198593781242575455e-11 2.988074997853019160e-09 2.100729680278745251e-09 -5.883298917726497073e-10 3.647520766758453044e-09 3.358263843447664067e-09 7.211587131814627414e-10 2.476704286973091699e-10 -7.247705406225029352e-10 -2.133234124396986322e-10 4.748417693209220559e-10 -5.810772000115694238e-10 -2.330470951177357403e-10 1.362676626866289450e-10 3.205397781679494333e-10 1.226543454735445948e-10 1.239510023443015150e-11 1.552335237954157797e-10 1.212875450837477008e-11 -1.300291904552361230e-11 2.989649924328224174e-11 -1.437165181625297770e-11 6.396496686571768616e-12 1.420227264503463203e-11 -1.861046583765472678e-12 -1.046900351855664707e-11 -3.812341202369626256e-12 -9.779137436168036464e-12 4.895535198644055808e-14 2.165433940455848124e-13 1.596343679634343341e-12 3.180382227733661376e-12 -7.262846947651888089e-07 -9.842769533483833622e-08 5.582409028992436256e-08 -9.328390030380196003e-09 8.570940440105379494e-08 -1.059366562895448098e-08 6.121090405581865777e-09 -6.197214340166937294e-09 2.474617854476706044e-09 -4.402406431200732399e-10 -4.109636154262766926e-10 -4.573123505694966181e-11 -2.179682442793666630e-09 -1.007993465243245672e-09 -6.197661189494923628e-11 -7.072449291537802435e-10 -4.377220994171389289e-10 -2.558194403534059777e-10 8.067761275861522780e-11 1.149056498515677544e-10 -2.195284850561335956e-11 -3.068370608925777505e-11 -3.131307856679424926e-11 5.677532173319548240e-12 4.892590615464223744e-12 1.986818196098530809e-11 2.368853624420625353e-11 5.393098305344857759e-12 -7.101703079753319153e-12 1.621207139526320556e-12 -2.976044484036052417e-12
2.705693967404003159e-04 7.698066828765862189e-06 5.508527816361312881e-07 -7.988510964618717552e-07 2.750629027079800693e-07 1.400169375090722449e-06 7.873227451251942125e-08 2.763359384099925409e-08 -1.421014534233436874e-08 -2.945294608881853656e-08 -6.372670552168560111e-09 9.916039896056188525e-10 4.948498084739556469e-09 -3.123512340240437191e-09 2.765198167151521919e-09 7.632409094903875320e-10 8.499155774532236281e-11 1.673999459181662913e-10 -1.143996981163705570e-09 -8.967067128603136551e-10 -1.688310958042135734e-10 -4.794998681340251794e-10 -2.216559921060036091e-10 1.331210920324973560e-11 -5.845655773573730212e-11 5.470001514196246676e-11 4.822354309997819855e-11 -2.087321393578487889e-11 -8.166987089219977786e-11 3.476328431846333420e-11 7.219080868458637129e-11 -2.379621880553265748e-09 -7.597803115666357971e-10 -3.406602555731572090e-10 1.715658760587341151e-09 1.241908166720780416e-09 1.831785227734401094e-09 -5.334919594714685320e-10 2.508391891597284731e-10 2.659960187317721283e-10 4.630002074997344209e-10 -5.260945027557965448e-10 -2.627801159501763124e-10 1.342705228896292297e-10 -7.039952884999690450e-12 -9.881825831461186811e-11 7.808623523678102209e-11 5.284901063265749240e-11 2.512928920359243065e-11 6.315642638002102918e-12 1.599018110849127945e-11 1.330516163961884370e-11 1.084693869117203637e-11 2.203774964010802865e-11 1.111020746418348816e-12 2.782670583205293842e-12 6.077870327926846944e-12 9.038326335749929602e-13 3.344663058624085457e-12 6.258257166108285031e-12 4.975169122942439919e-12 1.341864318457906257e-12 -9.374669582757105936e-08 7.756252812761722591e-08 3.450134536814968179e-08 6.558207035144087383e-09 1.275453726828567244e-08 -2.360354801076058312e-08 -1.392512281427749311e-08 -5.736966631429735338e-09 -2.943155154345966100e-09 -1.093079884751547740e-09 5.532509895673938377e-10 6.866279312549606001e-10 -7.852862329877726937e-10 -5.032410938639071632e-10 -3.097357754130129394e-11 -3.762562713633540516e-10 2.515413810233613710e-10 8.300631560076165760e-12 -1.984298252360385299e-11 2.076589528329362251e-11 -8.751469860959623365e-11 7.156783374988033967e-11 -1.295600336535735250e-11 3.232126373716717944e-12 -4.136949967845865983e-11 2.322695481398057863e-12 -2.928765546396613143e-12 -7.700395310321346727e-12 -3.035914297324336073e-13 -6.929648524837220326e-12 6.987434240625066612e-13
2.634297361639260235e-05 1.044496661220445804e-05 -1.403184969871403324e-06 1.621029025443592704e-07 1.134470847541514968e-08 7.873227451251942125e-08 6.956090188364455163e-07 3.789486044122978335e-08 -1.591284735740253701e-08 -5.808827164076772319e-09 -5.353064893986498722e-09 -1.151956966481120907e-09 -5.186973372983084446e-09 -7.658640881728361759e-09 1.121858632784057906e-09 7.863639509563398809e-11 5.748888358173407282e-10 3.384321567865147773e-10 1.212212714907712588e-09 4.386634775385961777e-11 2.155348035955910483e-10 2.269092878175036110e-10 -1.260236086974482000e-10 -8.412228534610419131e-11 -6.741450855675287922e-11 -6.903062196509351139e-11 2.638284405134360204e-12 9.602389633028151380e-12 1.930112284854352970e-11 -1.344613437151761474e-11 -1.878585593690029059e-11 -4.882299543312384381e-09 1.043552814445544798e-10 -2.201812941079085994e-10 -2.997895518596557455e-09 -2.166718506414673647e-09 8.579407249166755484e-11 8.242165514045277713e-10 -3.058783897566738069e-10 -1.636454084606502758e-10 -5.892547559364680956e-11 -6.664750035674238502e-11 7.904195108157902167e-12 -4.597124035483916099e-12 6.152457005162930455e-11 -1.024742543006940816e-11 3.915346652561749557e-11 -1.746628648999692816e-11 -6.294432734665370215e-12 -6.362464828724868506e-12 2.842142821413506685e-11 -1.336041298833495575e-11 4.932076803839736349e-12 6.989936892021435691e-13 -2.181813451399568939e-12 1.543997869568492657e-12 5.742824192986961183e-12 2.031130512870854586e-13 4.682717216851444469e-13 4.682035613160993648e-13 8.692265511519061045e-13 -9.724587020122950697e-14 -2.125208436072926732e-07 9.831881777417843880e-09 4.251191908940255519e-08 -1.706846523857373113e-09 3.654114601626479580e-09 1.302482666486494779e-08 7.028270035736074546e-09 -8.746753248915660117e-10 -3.887775358960268607e-10 -2.562501909685213751e-09 8.613731428537990891e-10 -2.171734371016832689e-10 8.222162212839571859e-10 3.396196017303935871e-10 -2.756505794660477525e-10 -1.797769905417548136e-10 -1.072844230889725070e-10 -1.445756909799512685e-10 5.816687713856948819e-11 6.240998361080100078e-12 -3.144499786486539019e-11 -3.491437733242417034e-11 1.944453169871509924e-11 2.486060270821241800e-11 8.131754401789002717e-12 -8.327900265607280784e-12 -1.045762714162355927e-11 -5.590720537101441661e-12 6.171129118163181469e-12 4.739330483897456009e-12 -5.473057731619336759e-12
4.986252486861557517e-05 2.415708021854019478e-06 1.837802338535776665e-08 -5.048000263231676421e-07 7.629361625924511883e-08 2.763359384099925409e-08 3.789486044122978335e-08 1.651584046955082676e-07 8.451103178595506056e-09 -1.329843340069791235e-08 -7.961657276018636474e-09 2.274250764786201600e-09 -1.583407002345527589e-10 1.512233978537775880e-09 -1.312178114746835056e-09 -1.274039008078158355e-09 -7.324522510931356016e-10 2.433459564731208504e-10 5.650954360834412184e-11 -2.156646631290130258e-10 1.180330065987954721e-10 1.811794695080717146e-10 1.557759651182109025e-10 -1.775479697599756458e-11 1.136821466545175810e-10 -5.027039980551807928e-11 -2.322896124819368303e-11 1.433886521978286115e-11 1.665504197484182636e-11 -9.694985734561140813e-12 -6.652324900073415180e-12 -1.728537904221701402e-09 -3.960030141476665486e-10 -2.003599476642160235e-10 -1.798029800512441266e-10 1.193783858133263944e-10 -5.427683913490240114e-11 -5.846305540394871450e-10 2.524060836319812954e-10 6.347331724355150232e-11 -1.022073798235739702e-10 -2.014836346975309108e-10 -3.316057111547976283e-11 -6.711685318512008318e-11 -3.956303098783075982e-11 -5.563301737431331132e-11 -1.335227539083845076e-11 7.760767632160035499e-12 1.682124014884198916e-11 1.878940646683405643e-12 1.251015648915839138e-11 7.327697703085202187e-12 3.717148457701424383e-12 -1.193065908053628697e-12 2.546587203603363090e-12 -9.742889286350315370e-13 1.679536210342298327e-12 5.297524696930781391e-13 -1.178150136800520979e-14 2.145640080094908493e-13 -2.247341682393070262e-13 9.505076585889840607e-13 1.464779665131837046e-07 6.014954316206343834e-08 1.605633944860719476e-08 -1.487647092489939695e-08 5.455073501550761963e-10 -2.338303059123435117e-09 -1.383639745583868064e-10 -5.942600452981520273e-09 -1.085373865941725169e-09 -2.347195902059021348e-10 3.871528222199465391e-10 5.671872493959370571e-12 -1.174193561552679627e-10 2.235955356976189220e-10 1.222240894213806100e-10 -7.360704469624041407e-12 9.684239588974048075e-11 1.424694106523131210e-11 3.474666485930421969e-11 1.528619376371405806e-11 -4.145582652930544145e-11 -5.627138102961822678e-12 -4.862108173312852379e-12 2.261633668824868100e-13 -1.233531107302028062e-12 2.894016263909303905e-13 -2.305424231701322247e-12 -1.228367200587142881e-12 7.559750753924794900e-13 1.344579672953409889e-12 -3.978907731622209424e-13
-1.046039872370672868e-06 -4.345097110519463300e-06 2.292634824362208654e-09 -8.873854656370405831e-08 -9.380797275788060832e-09 -1.421014534233436874e-08 -1.591284735740253701e-08 8.451103178595506056e-09 1.387980202057228256e-07 5.145699655611027088e-09 -3.780786840617428408e-09 5.957564962083490554e-09 4.951628082543075720e-10 -8.641323028580973055e-10 6.392687328844984626e-10 4.101064223853049772e-10 -2.414645220324008264e-12 4.057105815459460607e-10 3.024254312731152008e-10 -1.030793480933452055e-10 2.632635931241012647e-10 -6.953819055594116264e-14 -3.410706043122797623e-11 8.525233930961955418e-12 5.652553163542932490e-11 4.745438378808569654e-11 -4.985240870150861475e-11 4.298215056172257957e-12 2.255370548848203328e-12 8.369414703591791760e-12 -4.503275436482835998e-12 -2.375342374661128010e-10 -7.393192916819836064e-10 -3.779624346111794067e-10 -2.906677305037309284e-10 1.391786771292019507e-10 4.017829405627440361e-11 -3.504672172189321887e-10 1.690930651092150729e-10 1.946007723968916867e-10 -1.656117427807585593e-10 -1.304457244406222451e-10 1.348212191744806983e-11 -3.349176789640830582e-11 1.722308351784571990e-11 9.825461007965528156e-12 -1.706078046508498929e-11 4.050328868876488802e-11 1.261356622588419810e-11 3.406387567787386736e-12 -8.921619042505203198e-12 5.852538454332445432e-14 4.165592044122148975e-13 4.183678991842833140e-12 -8.986900156384085548e-13 -2.362720789545077144e-13 1.525284330039701898e-12 4.312035979222780827e-13 3.460606134306352818e-13 1.375524343287590904e-13 -6.399024855803277139e-13 -7.970096290451970735e-13 1.413459818290725776e-07 5.814455726160986124e-08 -6.271311028658306394e-10 -6.222529907928689525e-09 -4.302555845000649830e-09 -3.257584212284329337e-09 2.287303648759661362e-09 -1.340189877025186565e-09 -3.506103179635940256e-09 -1.403429913005994037e-10 -2.235209396140122913e-10 -4.472132254931112045e-10 -1.371780391941423372e-10 2.080013933966603767e-10 -6.090551961261542012e-11 7.792651652063394105e-11 7.717627514743119265e-11 -2.958475949643966011e-11 -2.144784495119875197e-11 5.979423023794731155e-11 -1.601855501146981511e-11 2.680315428942119361e-13 1.219760227688178111e-11 5.300789895615786866e-12 -3.209567712132673967e-12 3.434484789794529609e-12 -4.605862519613746969e-13 3.645952586208173406e-12 -4.379018356768334187e-12 -3.227376167072621643e-13 3.292383881332324031e-12
-2.208641501422599562e-06 -1.546365477392179802e-06 -7.846968328458238356e-07 1.516526190746992359e-07 -5.862330577961506996e-08 -2.945294608881853656e-08 -5.808827164076772319e-09 -1.329843340069791235e-08 5.145699655611027088e-09 6.252224964453775579e-08 6.333809259304706803e-09 -4.253359697656882589e-10 1.931005617779572471e-09 5.920114744739891903e-10 9.705070796257566194e-10 1.856826411525817535e-10 4.386976486802538264e-10 -7.389050611491345087e-10 -1.929018363837764431e-10 -2.354742165228718185e-11 4.801244706037113213e-11 7.659405395364272229e-11 -6.070437515503353772e-12 -2.335770033670350092e-11 -4.925660309646978554e-12 -1.327816835948525506e-11 -3.505049146664374599e-12 2.077397764019888168e-12 -8.966873593371550323e-12 -2.847984226528301165e-12 -1.747152668890768700e-11 -1.232014857458002278e-10 -1.278834510723987348e-10 4.202884627276971070e-11 -7.187072162342226408e-10 -4.668501550857871998e-11 -4.513994116707246366e-11 -1.310517971527636114e-10 4.161199855038707930e-11 -3.994690729575486702e-11 -7.001908240350395114e-12 -3.294125919176913414e-11 5.344470108795549549e-11 -2.728251916566948618e-11 -9.268974251864057836e-12 2.188324328569166670e-11 -9.118645461920743684e-13 3.062775947113071894e-12 3.510834209044445624e-12 5.047388610488791090e-13 5.081244969340361495e-12 -3.897507303690902992e-12 -2.540560629346495440e-12 -1.759739368846435781e-12 -7.562383763643933115e-13 -4.541097975446519859e-13 -1.324275478559962305e-12 7.960922964199404060e-13 -7.160742774558571236e-14 -3.304272407345881117e-13 1.943980231241454448e-13 8.780966107298297307e-14 1.501380528119630246e-07 2.243334334708253980e-08 4.135234406451634639e-09 -6.204091892416873860e-09 -2.740534004655750384e-10 -4.969675738484930813e-10 6.785974820745488724e-10 -4.578246597460290859e-10 5.674775670420692548e-10 1.476493176935549606e-09 -1.835825682191635036e-10 -2.693289844245135078e-10 -3.584150674776696269e-11 -1.024957318462889945e-10 -1.507152384308474668e-10 8.368343493914283706e-11 -6.586723373894112066e-11 -2.113208609466692228e-11 -2.008974569395310983e-11 -2.330608531245280044e-11 1.020554472847788457e-11 5.321460319384898085e-12 1.061479336823223096e-11 -8.793908172803677544e-13 -4.057244905945205645e-13 3.244888474487449982e-12 -5.806372300392798651e-12 -7.388475315407228002e-13 -1.045259329434346001e-13 -9.258694811722521667e-13 1.659715414115123155e-12
-1.229924030542020405e-06 5.604324299321632191e-07 1.540848456716505535e-07 9.388316753585188027e-08 -1.871252188889448652e-08 -6.372670552168560111e-09 -5.353064893986498722e-09 -7.961657276018636474e-09 -3.780786840617428408e-09 6.333809259304706803e-09 1.225313249687274922e-08 -1.186086887316683362e-09 -7.546887749580217511e-10 1.051633796546450258e-10 6.033568330298681979e-10 -1.225673252300468351e-10 -3.248602471793833412e-11 4.341240047203655331e-11 -5.172453397268428304e-11 1.069390219508845731e-10 2.584645428732690968e-11 4.566981289287891289e-11 2.222888410971350361e-11 -1.287428608140549100e-11 1.455868057570926320e-11 8.184223542785653478e-12 1.504752419161557259e-11 5.910511422014617968e-12 -2.385842482063791715e-12 6.031303035583456544e-13 -7.519276717940979970e-12 6.097637211288932401e-11 1.168347494077111655e-10 -8.490153700032622988e-12 1.703704582037680807e-10 -1.413689947984477182e-10 1.024635884908172947e-11 -9.292835932270601942e-11 -6.705689882716492683e-11 -8.495747667755444248e-13 -1.431578837203299988e-11 -2.578501939487697277e-11 -8.800400873490283142e-12 1.179758267580596496e-11 1.697781707075039997e-13 -4.751317842006373306e-12 8.241067564550743053e-12 2.341295132907802776e-12 9.893817916269708781e-13 2.296074097663716686e-12 -1.879549339858375962e-12 6.827289077634125918e-13 5.499234642910417373e-13 6.640741741428206390e-14 -3.468118305753346099e-13 -2.684602846627444612e-13 -7.013364836756213251e-13 1.453399478657278202e-13 3.763488647766669174e-14 -8.678891081917645984e-14 -2.334480832562690726e-14 -1.373715084686745881e-13 -2.664093488417378583e-08 3.677417959819537149e-11 1.850325251115951324e-09 4.193445130840686661e-09 1.736988776866502279e-09 1.519024048748001388e-10 -2.375458690973419776e-10 5.467508173313049627e-10 5.706581066209069474e-10 2.834373113229959453e-10 -1.264927304408585025e-10 5.886938878109635942e-11 1.128760854938065314e-10 -8.947688572997845314e-11 -5.773966476256569531e-11 2.655256735669170244e-11 -2.763268862486935987e-11 -2.770236437052040098e-11 -5.107674531991307891e-12 -1.192844323334250892e-11 -9.490211573732361372e-12 -1.050970556265796839e-12 -3.762572543838264014e-13 -3.021688554007604737e-13 -2.105458522104954849e-12 -1.141299192597271646e-12 -2.757085335422584917e-13 -3.449292124143543184e-13 8.188575126876885476e-14 7.332226395263264213e-13 -8.970128693094437929e-14
4.858517648792532951e-06 4.672738854623986068e-07 -4.448976738557768778e-08 5.208460993454898425e-08 1.279050300374270334e-08 9.916039896056188525e-10 -1.151956966481120907e-09 2.274250764786201600e-09 5.957564962083490554e-09 -4.253359697656882589e-10 -1.186086887316683362e-09 7.508709121636023483e-09 1.877390955034881877e-09 -1.090935671536342382e-10 -4.428067089240158260e-12 -2.031016967395495881e-10 -1.938886104492087561e-11 3.210182539957593878e-11 7.936120810427603967e-11 -2.466777800546680495e-11 5.926854308880517829e-11 1.991765401986066824e-11 1.039008390797885728e-11 3.269533353297852638e-11 -1.726579706480163341e-12 -2.847072520879242004e-12 -3.143716420685913644e-12 -4.789449992205322349e-12 -4.249807362181600931e-13 1.689144048186751561e-12 4.636293936158246484e-12 2.966966500061711151e-10 3.375869490597129121e-10 4.096617859004101627e-11 -1.111843656256129859e-10 4.570247081570324774e-11 5.658433521540252473e-11 -6.582833662409660796e-11 7.603559202099309904e-11 -8.527214204550728863e-12 -2.976804235513146682e-11 -1.118128976231039446e-11 3.924549286606246561e-12 1.537879628529517728e-11 4.225397156870564712e-12 1.912660834532712028e-13 -1.334779085027580748e-12 7.625932678078080150e-13 1.894199588318543594e-12 -8.842105490319942511e-13 2.646582661987490666e-12 -1.503061246483003906e-13 1.697403042811472372e-13 6.589109545953605033e-13 4.006910920560519499e-13 -2.029154249538187873e-13 5.781389982273001744e-13 2.256955066386739576e-13 3.847273544123566811e-13 1.495240893318252574e-13 1.136447345955648049e-13 -1.449425286714490297e-13 2.604316584652498473e-09 -8.111134879517266612e-09 -3.737371344190410194e-09 -7.837493349761584045e-12 6.746272804462497567e-11 -2.955940724909757752e-10 -1.409510492257940377e-10 -4.702700462889010062e-10 -1.700277456857578957e-10 1.017753278985188724e-10 -1.102590394730740307e-11 -2.463800898619791958e-10 -2.979967559739794504e-11 7.675197321871733465e-11 1.630420808318109874e-11 1.718986413214902394e-11 1.611456434384135563e-11 -7.090608485969474892e-13 -3.439338659323807191e-12 -7.474828658514958448e-12 -1.349541718865856081e-12 -7.040078571533294144e-13 -2.091996167229750260e-12 4.258354884058735911e-13 -6.919835344104844190e-13 -1.310022996420577869e-12 1.485796510101286484e-13 5.054915170899405669e-13 -3.967389046254626229e-13 -1.494571555860411969e-13 -3.625605044918498844e-13
7.349291450286631072e-06 -1.623582263114485252e-08 -2.159110013199387013e-07 6.599679369107485425e-08 -1.116301018980299093e-08 4.948498084739556469e-09 -5.186973372983084446e-09 -1.583407002345527589e-10 4.951628082543075720e-10 1.931005617779572471e-09 -7.546887749580217511e-10 1.877390955034881877e-09 3.614864994421160188e-09 1.789855669450197609e-10 -5.597823541585106109e-11 1.417693279025779941e-10 -2.229144375436357758e-11 -9.848037462966771981e-11 -2.430314945584246712e-11 -7.379376587754768857e-12 -2.888445408789970526e-11 7.958545847855605225e-12 1.209961597097751377e-11 9.303827522175187634e-12 1.261958810254324521e-12 -1.338070390014098174e-11 -5.640422450070825838e-12 -3.057387890349403105e-12 -3.509672867216262719e-12 3.862772277048563283e-13 2.110479441158854704e-12 1.196785334548261067e-10 8.662847700230375812e-11 2.891859249992562856e-11 -5.160575848670687875e-11 -2.653739311566457821e-11 8.805994819934692150e-11 -5.611473290499176762e-12 1.270952765208286595e-11 1.719850265290173282e-11 -1.207541237969468043e-11 2.941631314666852331e-12 -1.267629112217739211e-11 2.583867846063206587e-13 -6.960777211302088344e-12 1.527228202107529899e-12 3.114039837884823802e-12 3.258676844527888242e-12 -1.623388979065976035e-12 6.292314168259688548e-13 3.970427179571112309e-13 -4.140774232591102166e-13 -6.651596459370601490e-13 -8.011369348043757080e-13 -2.620107341587705058e-13 -5.885614527717650999e-14 8.439884665671096889e-14 -5.674752854521246274e-14 -9.027009491006363920e-14 5.228448772648375401e-14 1.398487414801432804e-13 -1.390021815270997602e-13 2.507005811412888922e-08 -5.509680622073546389e-09 -3.122907808014479279e-10 8.813569249806672345e-10 -5.606634344072686407e-10 -5.055780107753082735e-10 -4.444263146281991774e-10 -2.931930667374916387e-10 -2.884964935415265031e-10 2.700473804359196595e-10 -6.587315582776352279e-11 -5.362957519974341591e-12 -4.299238815958248883e-11 3.333074796156056310e-11 6.076214404804128209e-12 1.478475705702325213e-11 -3.312380205321983310e-12 -3.142290961687500715e-12 1.020392868488534082e-12 -2.074424230809332230e-12 5.087883116176138574e-12 9.736776630801347325e-13 1.179077593085372378e-12 -4.955122282655713780e-13 1.397623092419255746e-13 3.276433982682666401e-13 4.218478808243819540e-13 1.007450905744151774e-13 -1.660113753142372032e-13 -2.244656651250486337e-13 -3.376074704799038229e-14
-1.624556944779793952e-06 2.752209041194777517e-07 -9.028244110713112475e-08 -1.845382758258066716e-08 3.906824758323585380e-09 -3.123512340240437191e-09 -7.658640881728361759e-09 1.512233978537775880e-09 -8.641323028580973055e-10 5.920114744739891903e-10 1.051633796546450258e-10 -1.090935671536342382e-10 1.789855669450197609e-10 1.669590586692657249e-09 2.419592327447586108e-10 6.140263504289640246e-11 -1.194585856145577468e-11 3.971942930589459539e-11 -2.178378793357634070e-11 6.151855558474742709e-12 -7.861704747236193512e-12 -9.076478589391743589e-12 4.691023708487188178e-12 5.821422768044348528e-12 -3.997169676075944918e-12 -2.856593142470045687e-13 -4.860535811935077458e-13 2.146731394361234248e-12 -1.602065215842391611e-12 1.222829460150468235e-12 3.429595374650675431e-13 1.434419262454152189e-10 -5.479220627068279606e-12 -1.267099955664057220e-11 2.789305256718907772e-11 3.007183912416095242e-12 2.694988626635735630e-11 -1.692450384699718436e-11 -1.667585252784666788e-11 -5.973953981890904306e-13 -1.452004954010268043e-11 -6.772567315087160597e-12 -8.011345492009589990e-12 2.964141222625239818e-12 -2.092465744252064337e-12 -3.725264102458232011e-13 3.727973159802154194e-12 2.077499640756224124e-12 8.009927588701031515e-13 2.912567938959702967e-13 -8.291213301761454513e-13 6.332668817741926984e-13 -2.926665928320228923e-13 2.974524726513615346e-14 1.505712980945959989e-13 -1.982773058368574378e-13 -2.541806970780742356e-13 6.224903242834700081e-14 2.381511635422935488e-14 -6.821456926882585918e-14 -1.869311859867462906e-14 6.991854043764868755e-14 -1.129807085327043217e-08 6.803035588715193203e-10 -1.706429354738669182e-10 -4.016458771493586477e-10 4.794721857782251825e-10 -1.937428325529558425e-10 1.757251448052929596e-10 8.129384761017361958e-11 5.980171376733685119e-11 1.284084236541893325e-10 -1.859163177949863451e-11 -2.237935068974512323e-11 -8.832067874371207766e-12 -5.425127521962816178e-11 -2.088859195973000424e-11 -8.236499771071987624e-12 -1.684396846963876547e-11 -1.550635006657853447e-12 2.852245459033781124e-12 3.170510756252761665e-12 1.378678678671382160e-12 -8.605658501841584196e-13 -1.472599471516655003e-13 -8.156979434409513809e-13 2.067466274981108682e-13 6.325838830204418023e-13 3.321752043191028789e-13 -2.185622523691932934e-13 -5.159030124846184621e-14 -2.230585620146678950e-13 8.628082830978987285e-15
-1.191779176458938229e-05 -7.329630797100974905e-07 -1.100830662314168210e-07 1.675022843851392748e-09 2.363927694683389479e-09 2.765198167151521919e-09 1.121858632784057906e-09 -1.312178114746835056e-09 6.392687328844984626e-10 9.705070796257566194e-10 6.033568330298681979e-10 -4.428067089240158260e-12 -5.597823541585106109e-11 2.419592327447586108e-10 1.160742121740371878e-09 -2.506474706472381543e-11 -2.160906964753758139e-11 2.848454238260741598e-11 -1.741878975353945797e-11 3.030835572281983289e-11 -3.510775408817327984e-12 -1.780731353834877940e-11 -7.873271141119226468e-12 -2.580238227102597096e-12 1.603645164725948857e-12 -4.563961373206973596e-12 -1.582281474650455851e-12 2.065426559235255901e-12 6.496328711578995084e-13 8.499894369280086197e-13 4.661973385256456475e-13 6.162109029719522652e-11 5.422472475060096925e-11 6.618735471239309921e-14 -7.117401015813240161e-11 2.513947770571190075e-11 -3.520765677768844201e-12 -2.880245970359212699e-11 -2.524794143671930748e-11 4.089246777646295198e-13 -7.853841709477617513e-13 -1.662987866268795322e-11 5.417001778680234038e-13 4.809572609368480767e-12 1.582465404711373374e-12 4.098804390234901415e-12 1.295897083201784650e-12 -4.379982407193012615e-13 1.471072647392207930e-12 8.874280353917471065e-13 1.806464319690442437e-13 -1.663337287407955415e-13 -1.924945012999114481e-13 -2.310752241553797110e-13 -1.042421992234804648e-13 -1.241708122666915772e-13 9.647190408632515227e-14 -1.260188319049852613e-13 4.579697274854086317e-15 1.254818678417746755e-13 1.350390774860109656e-14 -2.497910466925269936e-14 -2.129014712258930624e-08 -7.859757650668087553e-10 -1.361286747086153472e-09 -9.701654643351160832e-10 -1.082156612306331525e-10 -2.005541953890635931e-10 6.720698374465190111e-11 1.002028641488728382e-10 -6.775075557195536734e-11 2.152121899424459653e-11 -1.770082901273487007e-11 -2.721039986711367093e-11 2.278228424119729555e-11 7.402169188970894027e-12 -6.199319147808016086e-11 8.853153082573532053e-13 -9.510337200033187840e-12 -5.014036527339865673e-12 2.908920256342248849e-12 -4.613985603343652350e-12 2.140156741388431642e-12 -2.960863660403983762e-13 -9.882040086468909892e-13 -2.640980214248087435e-13 -7.317035191329755500e-13 2.373581007149791707e-13 6.281056649556788692e-13 -3.687250474652234102e-13 2.704746049690436141e-13 -2.076268211066689945e-14 1.594983152000777777e-13
1.055295612216692678e-06 -7.689226896180804638e-08 -5.603812002674044679e-08 -1.421247569033479530e-09 -4.263514571181280692e-09 7.632409094903875320e-10 7.863639509563398809e-11 -1.274039008078158355e-09 4.101064223853049772e-10 1.856826411525817535e-10 -1.225673252300468351e-10 -2.031016967395495881e-10 1.417693279025779941e-10 6.140263504289640246e-11 -2.506474706472381543e-11 3.660950147511693174e-10 4.227093386375143915e-11 -8.931230224829213286e-12 -2.754422256904459505e-11 -9.597633134791717337e-12 -1.158667924351208766e-11 -1.346148521850304871e-12 -2.340364339373667905e-12 7.236539227042854382e-14 5.637395721895491193e-14 6.925109383556345155e-13 -5.668499317532795388e-13 -5.373760929357886597e-13 1.794041491744739461e-13 5.828201025747380838e-13 -1.785570843579307733e-13 2.195776165195177756e-11 -2.942833674855258250e-11 -1.828169934309934345e-11 4.205425502487624535e-12 -5.541936379259186941e-11 -9.968540876067953938e-12 1.880486523268877192e-11 2.550131834022585222e-11 9.457468763139262971e-12 6.178647444715807349e-12 4.256978628042375055e-12 -2.436909698625177548e-12 4.044473931248826760e-12 6.685986658132922938e-12 6.419681470306156555e-13 -1.298534817568285330e-12 3.013820603564790304e-12 -9.255186360377258810e-15 -1.983061858141614431e-13 -3.508455717562800768e-13 -5.335321961512282787e-13 -2.183180345096203115e-13 -1.997645454879117900e-13 4.041715137660705066e-14 1.247020126908293549e-13 -5.506728455005102716e-14 2.427261893017658865e-14 5.095646900419657087e-15 -9.068407759344059573e-15 1.118036985232313098e-15 -1.365722518856359605e-14 1.929301671828263687e-09 2.566509997411581217e-10 -1.760529264523548830e-10 7.564508399246531805e-10 -1.325433458568138481e-11 1.709716297730411330e-10 3.616106597311942429e-11 4.757709164192080915e-11 -7.211484129510063190e-11 -6.042201582556019461e-11 4.342714265157707698e-12 2.343920258021145071e-12 -4.612190595694648810e-12 -2.303222910039691521e-11 9.582092945019633282e-12 -3.412924449776809975e-12 3.400771309684775915e-14 -1.779961825655705692e-12 1.237695981628351897e-12 2.047884897224160342e-12 1.017758738002141622e-12 -7.666419982260623516e-14 7.012453818630534456e-13 -6.372221850690332447e-13 -2.317237955463592324e-13 3.871914997261674185e-13 2.404472306838908138e-13 -1.905799294523627952e-13 -9.899246862605885891e-14 -8.496023216117745463e-14 -6.577582141062887175e-14
