20
0.000272973
0.00028257
0.000263542
0.000112736
5.57551e-05
2.5185e-05
-4.12306e-06
-4.48804e-05
-6.4324e-05
-2.74616e-05
-1.23097e-05
-5.16888e-06
-1.30724e-05
-1.21975e-05
-9.69073e-06
-7.53724e-06
7.77024e-06
-1.16908e-05
-8.08831e-05
8.3227e-05
0.00028257
0.00031221
0.000338175
0.000171839
0.000108596
6.56395e-05
2.59495e-05
-2.86837e-05
-5.79546e-05
-3.15549e-05
-1.77661e-05
-1.15397e-05
-2.1053e-05
-1.94714e-05
-1.43343e-05
-2.06532e-05
-8.53094e-06
-3.40417e-05
-0.000108438
2.07326e-05
0.000263542
0.000338175
0.000473286
0.000298803
0.000231571
0.000165486
0.000107065
2.78232e-05
-2.13045e-05
-3.5372e-05
-3.06553e-05
-2.9251e-05
-4.01153e-05
-3.7088e-05
-2.72403e-05
-5.60015e-05
-5.22484e-05
-8.90018e-05
-0.000168893
-0.000156451
0.000112736
0.000171839
0.000298803
0.000232068
0.000205947
0.000166107
0.000131712
8.6296e-05
5.2501e-05
-1.37919e-05
-2.87755e-05
-3.65884e-05
-3.76576e-05
-3.61232e-05
-3.28344e-05
-6.53236e-05
-6.20664e-05
-9.01035e-05
-0.000146765
-0.000229901
5.57551e-05
0.000108596
0.000231571
0.000205947
0.000195794
0.000166153
0.000141048
0.000108802
8.08047e-05
-5.58456e-06
-2.81074e-05
-3.94626e-05
-3.66672e-05
-3.5809e-05
-3.49846e-05
-6.89478e-05
-6.52916e-05
-9.07057e-05
-0.000139088
-0.000257363
2.5185e-05
6.56395e-05
0.000165486
0.000166107
0.000166153
0.000147086
0.000131144
0.000111524
9.09364e-05
2.3568e-07
-2.52115e-05
-3.77634e-05
-3.24827e-05
-3.22151e-05
-3.37818e-05
-6.467e-05
-5.94037e-05
-8.0379e-05
-0.000121871
-0.000241391
-4.12306e-06
2.59495e-05
0.000107065
0.000131712
0.000141048
0.000131144
0.000123345
0.000114734
0.000100497
5.31366e-06
-2.27371e-05
-3.64536e-05
-2.88976e-05
-2.9165e-05
-3.28922e-05
-6.05888e-05
-5.44317e-05
-7.14727e-05
-0.000107867
-0.000227712
-4.48804e-05
-2.86837e-05
2.78232e-05
8.6296e-05
0.000108802
0.000111524
0.000114734
0.000121375
0.000115746
1.27127e-05
-1.96596e-05
-3.52046e-05
-2.44453e-05
-2.54288e-05
-3.20207e-05
-5.69248e-05
-4.89759e-05
-6.09385e-05
-8.8785e-05
-0.000216243
-6.4324e-05
-5.79546e-05
-2.13045e-05
5.2501e-05
8.08047e-05
9.09364e-05
0.000100497
0.000115746
0.000115895
1.621e-05
-1.63193e-05
-3.17519e-05
-1.99514e-05
-2.12245e-05
-2.91507e-05
-5.0449e-05
-4.21043e-05
-4.96232e-05
-7.00872e-05
-0.000192171
-2.74616e-05
-3.15549e-05
-3.5372e-05
-1.37919e-05
-5.58456e-06
2.3568e-07
5.31366e-06
1.27127e-05
1.621e-05
4.8177e-06
1.8654e-07
-1.79844e-06
2.3556e-07
-5.04e-09
-1.47552e-06
-3.324e-06
-2.67684e-06
-3.453e-07
5.28432e-06
-1.7798e-05
-1.23097e-05
-1.77661e-05
-3.06553e-05
-2.87755e-05
-2.81074e-05
-2.52115e-05
-2.27371e-05
-1.96596e-05
-1.63193e-05
1.8654e-07
4.86008e-06
7.18104e-06
5.9682e-06
6.03564e-06
6.80361e-06
1.15312e-05
9.41112e-06
1.35945e-05
2.44752e-05
3.70812e-05
-5.16888e-06
-1.15397e-05
-2.9251e-05
-3.65884e-05
-3.94626e-05
-3.77634e-05
-3.64536e-05
-3.52046e-05
-3.17519e-05
-1.79844e-06
7.18104e-06
1.15817e-05
8.76348e-06
9.02324e-06
1.09048e-05
1.82623e-05
1.49339e-05
2.03916e-05
3.50125e-05
6.19445e-05
-1.30724e-05
-2.1053e-05
-4.01153e-05
-3.76576e-05
-3.66672e-05
-3.24827e-05
-2.88976e-05
-2.44453e-05
-1.99514e-05
2.3556e-07
5.9682e-06
8.76348e-06
7.52652e-06
7.48508e-06
8.12395e-06
1.47463e-05
1.27624e-05
1.75428e-05
2.91396e-05
5.03671e-05
-1.21975e-05
-1.94714e-05
-3.7088e-05
-3.61232e-05
-3.5809e-05
-3.22151e-05
-2.9165e-05
-2.54288e-05
-2.12245e-05
-5.04e-09
6.03564e-06
9.02324e-06
7.48508e-06
7.55334e-06
8.42973e-06
1.47064e-05
1.2321e-05
1.74609e-05
3.00187e-05
4.93117e-05
-9.69073e-06
-1.43343e-05
-2.72403e-05
-3.28344e-05
-3.49846e-05
-3.37818e-05
-3.28922e-05
-3.20207e-05
-2.91507e-05
-1.47552e-06
6.80361e-06
1.09048e-05
8.12395e-06
8.42973e-06
1.05735e-05
1.64439e-05
1.28192e-05
1.79644e-05
3.40228e-05
5.17389e-05
-7.53724e-06
-2.06532e-05
-5.60015e-05
-6.53236e-05
-6.89478e-05
-6.467e-05
-6.05888e-05
-5.69248e-05
-5.0449e-05
-3.324e-06
1.15312e-05
1.82623e-05
1.47463e-05
1.47064e-05
1.64439e-05
3.34555e-05
2.82951e-05
3.59523e-05
5.0095e-05
0.000119745
7.77024e-06
-8.53094e-06
-5.22484e-05
-6.20664e-05
-6.52916e-05
-5.94037e-05
-5.44317e-05
-4.89759e-05
-4.21043e-05
-2.67684e-06
9.41112e-06
1.49339e-05
1.27624e-05
1.2321e-05
1.28192e-05
2.82951e-05
2.76212e-05
3.24368e-05
3.9337e-05
0.000114717
-1.16908e-05
-3.40417e-05
-8.90018e-05
-9.01035e-05
-9.07057e-05
-8.0379e-05
-7.14727e-05
-6.09385e-05
-4.96232e-05
-3.453e-07
1.35945e-05
2.03916e-05
1.75428e-05
1.74609e-05
1.79644e-05
3.59523e-05
3.24368e-05
4.48406e-05
6.49415e-05
0.000135096
-8.08831e-05
-0.000108438
-0.000168893
-0.000146765
-0.000139088
-0.000121871
-0.000107867
-8.8785e-05
-7.00872e-05
5.28432e-06
2.44752e-05
3.50125e-05
2.91396e-05
3.00187e-05
3.40228e-05
5.0095e-05
3.9337e-05
6.49415e-05
0.000135196
0.000148495
8.3227e-05
2.07326e-05
-0.000156451
-0.000229901
-0.000257363
-0.000241391
-0.000227712
-0.000216243
-0.000192171
-1.7798e-05
3.70812e-05
6.19445e-05
5.03671e-05
4.93117e-05
5.17389e-05
0.000119745
0.000114717
0.000135096
0.000148495
0.000499483
