# ell TT
350 0.0015538
450 0.00110256
550 0.000865048
650 0.000696874
750 0.000584087
850 0.000505695
950 0.000447526
1050 0.00040035
1150 0.000364968
1250 0.000333695
1350 0.000310368
1450 0.000291429
1550 0.00027462
1650 0.000260098
1750 0.000249431
1850 0.000237629
1950 0.000228311
2050 0.00021983
2150 0.000212041
2250 0.000206009
2350 0.000199399
2450 0.000194185
2550 0.000190218
2650 0.0001858
2750 0.000181871
2850 0.000177496
2950 0.000174291
3050 0.000170978
3150 0.000168648
3250 0.000166576
3350 0.000163585
3450 0.000160785
3550 0.000158087
3650 0.000156398
3750 0.000154333
3850 0.000152871
3950 0.000151227
4050 0.000149154
4150 0.000147737
4250 0.000146071
4350 0.000144752
4450 0.000143313
